#usda 1.0
(
    startTimeCode = 0
    endTimeCode = 10
    upAxis = "Y"
)


  
  def SkelRoot "Businesswoman008_Clone_"
  {
        # float3[] extent = [(-0.46385625, -0.2244677, -1.0318277), (0.35599968, 1.872942, 0.98311615)]
        # # rel skel:animationSource = </Human_0056/Businesswoman008_Clone_/master/Reference/_anim>
        # matrix4d xformOp:transform = ( (0.23669767379760742, 0, -0.9715834856033325, 0), (-0.007561862003058195, 0.9999697208404541, -0.0018422254361212254, 0), (0.9715540409088135, 0.007783029694110155, 0.23669052124023438, 0), (0, 0, 0, 1) )
        # uniform token[] xformOpOrder = ["xformOp:transform"]



#        def SkelRoot "master"
#        {
            # matrix4d xformOp:transform = ( (1, -2.328305881427184e-10, 1.8973528092328977e-17, 0), (2.328305881427184e-10, 1, -1.629814079251446e-7, 0), (1.8973528092328977e-17, 1.629814079251446e-7, 1, 0), (0, 0, 0, 1) )
            # uniform token[] xformOpOrder = ["xformOp:transform"]
            # rel skel:animationSource = </Human_0056/Businesswoman008_Clone_/master/Reference/_anim>
            rel skel:animationSource = </Businesswoman008_Clone_/Reference/_anim>

            def Skeleton "Reference"
            {
                uniform matrix4d[] bindTransforms = [( (1, 6.118339950549731e-32, 1.4791141972893971e-31, 0), (-1.4791141972893971e-31, -2.7755575615628914e-15, 1, 0), (6.118339950549731e-32, -1, -2.7755575615628914e-15, 0), (3.494010730719146e-23, 1.0110448598861694, 0.007261896040290594, 1) ), ( (0.0012972637778148055, -0.9998676776885986, 0.016217617318034172, 0), (0.9999992847442627, 0.0012974347919225693, -5.456250902480253e-12, 0), (-0.000021041287254774943, 0.01621759869158268, 0.9998685121536255, 0), (-0.08331791311502457, 0.9560721516609192, -0.057831402868032455, 1) ), ( (-0.006597128231078386, -0.9990776777267456, 0.04243087023496628, 0), (0.9999786019325256, -0.006603072863072157, 8.127196338136855e-8, 0), (0.0002800928778015077, 0.042429953813552856, 0.999099612236023, 0), (-0.0827551782131195, 0.522456705570221, -0.05079824849963188, 1) ), ( (0.04190967604517937, -0.3159724473953247, -0.9478422999382019, 0), (-0.013957103714346886, -0.9487685561180115, 0.3156639635562897, 0), (-0.999024510383606, -2.395134117705311e-7, -0.04417265206575394, 0), (-0.08573532849550247, 0.07114692032337189, -0.03163108974695206, 1) ), ( (0.043122101575136185, -0.21674488484859467, -0.9752752780914307, 0), (-0.009573809802532196, -0.9762281179428101, 0.21653331816196442, 0), (-0.9990240931510925, -2.6998219482265995e-7, -0.044172100722789764, 0), (-0.07928024977445602, 0.022478587925434113, -0.17762500047683716, 1) ), ( (1.0000004768371582, -7.263698087456305e-9, -7.930797352173613e-8, 0), (-7.263740275931241e-9, -1.0000003576278687, 4.317432455991366e-8, 0), (-7.930726297900037e-8, -4.317434587619573e-8, -1, 0), (-0.07605265080928802, 0.00625583715736866, -0.2506220042705536, 1) ), ( (0.0012972608674317598, 0.9998676776885986, -0.016217585653066635, 0), (0.9999991655349731, -0.0012974317651242018, 9.093750925892596e-12, 0), (-0.000021041201762272976, -0.016217567026615143, -0.9998685121536255, 0), (0.08331789821386337, 0.9560726881027222, -0.05783138796687126, 1) ), ( (-0.0065964567475020885, 0.999077558517456, -0.04243092983961105, 0), (0.999978244304657, 0.006602403707802296, 2.096496487524746e-8, 0), (0.0002801670634653419, -0.04242999851703644, -0.9990994930267334, 0), (0.08275541663169861, 0.522456705570221, -0.050798237323760986, 1) ), ( (0.04190899804234505, 0.3159721791744232, 0.9478422999382019, 0), (-0.013957005925476551, 0.9487683773040771, -0.31566381454467773, 0), (-0.9990240931510925, 1.1092215856933763e-7, 0.044171955436468124, 0), (0.08573558181524277, 0.07114695757627487, -0.03163107484579086, 1) ), ( (0.04312194883823395, 0.21674498915672302, 0.9752752780914307, 0), (-0.009573773480951786, 0.9762279391288757, -0.21653345227241516, 0), (-0.9990240931510925, 2.776141627691686e-7, 0.04417193681001663, 0), (0.07928047329187393, 0.022478630766272545, -0.17762482166290283, 1) ), ( (1.0000001192092896, -5.97380633848843e-8, 7.268852741937337e-10, 0), (5.973805627945694e-8, 1.0000001192092896, 1.3195667891707785e-9, 0), (-7.268853852160362e-10, -1.3195223802497935e-9, 1, 0), (0.07605291157960892, 0.006255867425352335, -0.25062164664268494, 1) ), ( (2.05753577898842e-15, -1, -4.371137762859689e-8, 0), (-0.9999998807907104, 1.5259553694462276e-22, -1.224648176074148e-16, 0), (-8.993772257077271e-23, 4.371137762859689e-8, -1, 0), (-2.167974687508514e-15, 1.0536752939224243, 0.007261896505951881, 1) ), ( (-3.7519027937097695e-15, -0.9991863369941711, 0.04033367708325386, 0), (-0.9999998807907104, -2.6193691330121715e-15, -1.2589374594424311e-17, 0), (2.6263664721894392e-15, -0.04033368080854416, -0.9991862177848816, 0), (9.536744727256519e-9, 1.138936161994934, 0.0072618997655808926, 1) ), ( (-8.170866903271876e-15, -0.981288492679596, -0.19254344701766968, 0), (-0.9999998807907104, -2.6720752816990375e-16, -2.7607069564151553e-16, 0), (1.6032461748710473e-15, 0.19254346191883087, -0.9812884330749512, 0), (9.536736733650741e-9, 1.2421483993530273, 0.0030955926049500704, 1) ), ( (-0.998042106628418, -0.06253160536289215, -0.0012145988876000047, 0), (0.06253154575824738, -0.9980429410934448, 0.00007627570448676124, 0), (-0.0012169915717095137, 1.75580936456754e-7, 0.9999991655349731, 0), (-0.024329211562871933, 1.4705002307891846, -0.012657847255468369, 1) ), ( (-0.9963976740837097, 0.047810304909944534, 0.07004021853208542, 0), (-0.047692637890577316, -0.9988564252853394, 0.003352489322423935, 0), (0.0701204240322113, 9.975651416027631e-9, 0.9975383281707764, 0), (-0.16597898304462433, 1.4616196155548096, -0.012830693274736404, 1) ), ( (-0.9959917068481445, -0.05576807260513306, -0.06992995738983154, 0), (0.0556311197578907, -0.9984436631202698, 0.003905859775841236, 0), (-0.07003892958164215, -7.722181294411712e-8, 0.99754399061203, 0), (-0.44407588243484497, 1.4749692678451538, 0.0067177508026361465, 1) ), ( (-0.971610963344574, 0.22159838676452637, -0.08285843580961227, 0), (-0.22079695761203766, -0.9751381278038025, -0.01882956549525261, 0), (-0.08497098833322525, -1.2487393519222678e-7, 0.9963833093643188, 0), (-0.6885208487510681, 1.4612791538238525, -0.010444600135087967, 1) ), ( (-0.9716109037399292, 0.2215978056192398, -0.08285955339670181, 0), (-0.2207963913679123, -0.9751380085945129, -0.018829677253961563, 0), (-0.08497210592031479, -2.7146498382535356e-8, 0.9963830709457397, 0), (-0.708797812461853, 1.4658993482589722, -0.012173797935247421, 1) ), ( (-0.995607852935791, 0.06075333058834076, -0.07123087346553802, 0), (-0.0605984590947628, -0.9981526732444763, -0.004335265140980482, 0), (-0.0713626891374588, 2.573068798028544e-7, 0.9974504113197327, 0), (-0.7673718929290771, 1.4759891033172607, -0.052428312599658966, 1) ), ( (-0.9911969900131226, -0.10865897685289383, -0.0756380558013916, 0), (0.10834396630525589, -0.9940788745880127, 0.008267811499536037, 0), (-0.07608857750892639, 1.0615925560841788e-7, 0.9971007704734802, 0), (-0.8087848424911499, 1.4785093069076538, -0.055390987545251846, 1) ), ( (-0.9963706135749817, -0.06432601809501648, 0.05574352294206619, 0), (0.06422560662031174, -0.9979286193847656, -0.003592940280213952, 0), (0.055859196931123734, 2.6283964871254284e-7, 0.9984386563301086, 0), (-0.8328071236610413, 1.475879430770874, -0.057224106043577194, 1) ), ( (0.9999998807907104, -1.1689003542869614e-7, 5.065865948949977e-8, 0), (-1.1689000700698671e-7, -0.9999995231628418, 1.2207411470566143e-10, 0), (5.065901476086765e-8, -1.220859663364493e-10, -0.9999997615814209, 0), (-0.8593949675559998, 1.4741594791412354, -0.05573663115501404, 1) ), ( (-0.9946670532226562, -0.09982072561979294, -0.025936972349882126, 0), (0.09978680312633514, -0.9950053095817566, 0.0026018975768238306, 0), (-0.026067150756716728, -1.4543786619469756e-7, 0.9996600151062012, 0), (-0.769260823726654, 1.48103928565979, -0.02942950837314129, 1) ), ( (-0.9802410006523132, -0.19589488208293915, -0.027434634044766426, 0), (0.195818230509758, -0.9806246161460876, 0.005480479449033737, 0), (-0.027976689860224724, -9.585662930078342e-9, 0.9996084570884705, 0), (-0.814691960811615, 1.4764788150787354, -0.030614078044891357, 1) ), ( (-0.9887295365333557, -0.1479872465133667, -0.02265888638794422, 0), (0.14794839918613434, -0.9889891743659973, 0.003390602068975568, 0), (-0.02291116677224636, 4.2127794586122036e-8, 0.9997374415397644, 0), (-0.8437531590461731, 1.4706693887710571, -0.031427398324012756, 1) ), ( (0.9999997615814209, -7.421834169463182e-8, 3.637986623061806e-8, 0), (-7.421831327292239e-8, -0.9999996423721313, 1.0521774562732844e-9, 0), (3.637986623061806e-8, -1.0521827853438026e-9, -0.9999998807907104, 0), (-0.8692529797554016, 1.4668593406677246, -0.03201179578900337, 1) ), ( (-0.9926438331604004, -0.10793936997652054, -0.05483454093337059, 0), (0.10777505487203598, -0.9941571950912476, 0.005953655112534761, 0), (-0.05515679344534874, 6.471299940358222e-8, 0.9984775185585022, 0), (-0.7690977454185486, 1.4726989269256592, 0.017352817580103874, 1) ), ( (-0.9785933494567871, -0.20533737540245056, -0.01382522564381361, 0), (0.20531685650348663, -0.9786911010742188, 0.0029006078839302063, 0), (-0.014126231893897057, -3.7366834959584594e-8, 0.999900221824646, 0), (-0.8039522767066956, 1.468909502029419, 0.015427409671247005, 1) ), ( (-0.9935444593429565, -0.10920128971338272, 0.03072063997387886, 0), (0.10914912074804306, -0.9940195083618164, -0.0033749600406736135, 0), (0.0309054683893919, -4.210162529716399e-8, 0.9995222091674805, 0), (-0.823165774345398, 1.4648796319961548, 0.015155915170907974, 1) ), ( (0.9999995231628418, -4.3239431590791355e-8, 2.5518150437164877e-7, 0), (-4.3239460012500786e-8, -1.0000004768371582, 1.4551704285992173e-10, 0), (2.551813338413922e-7, -1.455280201900777e-10, -0.9999998807907104, 0), (-0.8432259559631348, 1.4626694917678833, 0.015776213258504868, 1) ), ( (-0.9959171414375305, -0.08400438725948334, -0.03303803876042366, 0), (0.0839582160115242, -0.9964653253555298, 0.002784946234896779, 0), (-0.033155202865600586, -2.3883646349531773e-7, 0.9994500279426575, 0), (-0.769993782043457, 1.4785093069076538, -0.005293418653309345, 1) ), ( (-0.9688172340393066, -0.24162401258945465, -0.05486348271369934, 0), (0.2412375658750534, -0.9703698754310608, 0.013661135919392109, 0), (-0.05653875321149826, 9.92509718855672e-9, 0.9984001517295837, 0), (-0.8133660554885864, 1.4748592376708984, -0.006732088513672352, 1) ), ( (-0.9749589562416077, -0.22188344597816467, -0.014913859777152538, 0), (0.22185756266117096, -0.9750732779502869, 0.0033937646076083183, 0), (-0.01529513206332922, 2.8148047448439684e-8, 0.9998830556869507, 0), (-0.8399849534034729, 1.4682188034057617, -0.008239534683525562, 1) ), ( (0.9999996423721313, -7.26127993289083e-8, -1.75532534285594e-7, 0), (-7.261279222348094e-8, -1.0000001192092896, 5.794603685771449e-10, 0), (-1.755325200747393e-7, -5.79457037908071e-10, -0.9999998807907104, 0), (-0.8632959723472595, 1.46290922164917, -0.008596131578087807, 1) ), ( (-0.3712391257286072, -0.4427781105041504, -0.8161672949790955, 0), (-0.9102599620819092, -1.6619054576949566e-8, 0.41403770446777344, 0), (-0.1833268702030182, 0.8966313600540161, -0.40304309129714966, 0), (-0.7082440853118896, 1.4414690732955933, -0.04104562848806381, 1) ), ( (-0.7671658396720886, -0.3084524869918823, -0.5624173879623413, 0), (-0.5912469625473022, 4.572664735746912e-8, 0.8064905405044556, 0), (-0.2487640380859375, 0.9512397050857544, -0.18237164616584778, 0), (-0.7157280445098877, 1.4325391054153442, -0.057498760521411896, 1) ), ( (-0.630997359752655, -0.450775682926178, -0.6313819885253906, 0), (-0.7073219418525696, -2.0032091185839818e-7, 0.7068912386894226, 0), (-0.3186495900154114, 0.8926371335983276, -0.3188435733318329, 0), (-0.7423361539840698, 1.4218391180038452, -0.07700585573911667, 1) ), ( (0.9999997615814209, -2.3490747125265443e-8, -9.313225746154785e-8, 0), (-2.349075245433596e-8, -1.000000238418579, 1.6695672400146577e-8, 0), (-9.313227877782992e-8, -1.6695645754793986e-8, -1, 0), (-0.7618167996406555, 1.4079294204711914, -0.09649866819381714, 1) ), ( (2.509454114369954e-15, -0.9565514922142029, 0.2915631830692291, 0), (-0.9999998807907104, -2.0754064247090888e-23, 2.871454661384083e-16, 0), (3.666526107791272e-15, -0.2915631830692291, -0.9565514326095581, 0), (9.536727851866544e-9, 1.5077898502349854, -0.0342765636742115, 1) ), ( (5.749025218284697e-15, -0.9999998807907104, -4.650534179972965e-8, 0), (-0.9999998807907104, 9.065066981336249e-23, -1.2246439409094117e-16, 0), (-2.673603845878198e-22, 4.650533469430229e-8, -0.9999998807907104, 0), (4.956517899427524e-15, 1.6097222566604614, -0.06534632295370102, 1) ), ( (0.9999998807907104, 4.280159515701598e-8, 9.582427651366743e-8, 0), (-4.280157028802023e-8, 1, 8.100543169575758e-8, 0), (-9.582428361909479e-8, -8.100546011746701e-8, 0.9999998807907104, 0), (9.947596945388687e-14, 1.7835859060287476, -0.06534626334905624, 1) ), ( (1.1722510606659853e-7, -1.629206423103824e-7, 0.9999998807907104, 0), (-0.9999997615814209, -2.0476967289764086e-14, 1.1722506343403438e-7, 0), (7.161997300016328e-15, -0.9999998807907104, -1.629206423103824e-7, 0), (-0.03150319680571556, 1.6661596298217773, -0.12748800218105316, 1) ), ( (1.1722510606659853e-7, -1.629206423103824e-7, 0.9999998807907104, 0), (-0.9999997615814209, -2.0476967289764086e-14, 1.1722506343403438e-7, 0), (7.161997300016328e-15, -0.9999998807907104, -1.629206423103824e-7, 0), (0.03150321543216705, 1.6661617755889893, -0.12748798727989197, 1) ), ( (-0.9980422258377075, 0.06253163516521454, 0.0012172285933047533, 0), (0.06253156810998917, 0.9980429410934448, -0.00007624078716617078, 0), (-0.0012196134775876999, 2.3694965989307093e-8, -0.9999991655349731, 0), (0.02432919107377529, 1.4704973697662354, -0.01265784353017807, 1) ), ( (-0.9963975548744202, -0.04781040549278259, -0.07004042714834213, 0), (-0.04769273102283478, 0.9988564252853394, -0.003352484665811062, 0), (0.07012062519788742, 1.2063578580523426e-8, -0.9975383281707764, 0), (0.16597910225391388, 1.4616223573684692, -0.012830659747123718, 1) ), ( (-0.9959917664527893, 0.05576818063855171, 0.06992806494235992, 0), (0.05563124641776085, 0.9984437823295593, -0.003905856516212225, 0), (-0.07003705948591232, -1.576902697308924e-8, -0.9975443482398987, 0), (0.4440762400627136, 1.4749659299850464, 0.006717753130942583, 1) ), ( (-0.9716114401817322, -0.2215966433286667, 0.08285963535308838, 0), (-0.22079519927501678, 0.975138247013092, 0.01882968842983246, 0), (-0.08497222512960434, 1.3030324907958857e-7, -0.9963831901550293, 0), (0.6885209679603577, 1.4612789154052734, -0.01044460665434599, 1) ), ( (-0.9716110229492188, -0.22159826755523682, 0.08285962045192719, 0), (-0.22079679369926453, 0.9751380085945129, 0.018829654902219772, 0), (-0.08497218787670135, -3.981486784709887e-8, -0.9963831901550293, 0), (0.7087974548339844, 1.4659032821655273, -0.012173795141279697, 1) ), ( (-0.9956082701683044, -0.06075289472937584, 0.07122495025396347, 0), (-0.06059802696108818, 0.998153030872345, 0.004335216246545315, 0), (-0.07135677337646484, 8.484179403467351e-8, -0.9974507689476013, 0), (0.7673724293708801, 1.4759869575500488, -0.05242834612727165, 1) ), ( (-0.9911972880363464, 0.1086573526263237, 0.0756395012140274, 0), (0.10834235697984695, 0.9940792322158813, -0.00826773140579462, 0), (-0.0760900154709816, 7.384995281967122e-9, -0.9971008896827698, 0), (0.8087850213050842, 1.4785138368606567, -0.055390965193510056, 1) ), ( (-0.9963706135749817, 0.06432770192623138, -0.055740755051374435, 0), (0.06422728300094604, 0.9979288578033447, 0.003593022935092449, 0), (0.05585641786456108, -9.418616286893666e-8, -0.9984385371208191, 0), (0.8328066468238831, 1.4758809804916382, -0.0572240874171257, 1) ), ( (0.9999998807907104, -9.654673505110623e-8, 7.078141095462342e-8, 0), (9.654672084025151e-8, 0.9999996423721313, 2.1118788939844535e-9, 0), (-7.07817662259913e-8, -2.111870900378676e-9, 0.9999998807907104, 0), (0.859395444393158, 1.4741642475128174, -0.05573661997914314, 1) ), ( (-0.9946670532226562, 0.09982044994831085, 0.025935448706150055, 0), (0.09978657960891724, 0.995005190372467, -0.0026018728967756033, 0), (-0.026065634563565254, 1.2042624675245861e-8, -0.9996600151062012, 0), (0.7692614793777466, 1.4810407161712646, -0.029429465532302856, 1) ), ( (-0.9802408218383789, 0.19589398801326752, 0.02743450365960598, 0), (0.19581738114356995, 0.9806248545646667, -0.005480519495904446, 0), (-0.02797657623887062, -7.622886499802917e-8, -0.99960857629776, 0), (0.8146924376487732, 1.4764814376831055, -0.03061407059431076, 1) ), ( (-0.9887295961380005, 0.14798542857170105, 0.0226593054831028, 0), (0.14794664084911346, 0.9889896512031555, -0.0033905599266290665, 0), (-0.022911572828888893, 1.979777053406906e-8, -0.9997374415397644, 0), (0.8437536358833313, 1.4706740379333496, -0.03142741322517395, 1) ), ( (0.9999998807907104, 1.2001208915535244e-7, 2.664819120923312e-8, 0), (-1.200120465227883e-7, 0.9999995231628418, 1.3748675808944455e-10, 0), (-2.664801357354918e-8, -1.3767077755577617e-10, 1, 0), (0.8692530393600464, 1.4668570756912231, -0.03201179951429367, 1) ), ( (-0.9926437139511108, 0.10793919116258621, 0.054835863411426544, 0), (0.10777482390403748, 0.994157075881958, -0.005953661631792784, 0), (-0.055158115923404694, 6.19395734702266e-8, -0.9984773993492126, 0), (0.769098162651062, 1.47269868850708, 0.01735278218984604, 1) ), ( (-0.978593111038208, 0.20533955097198486, 0.013824931345880032, 0), (0.20531903207302094, 0.978690505027771, -0.002900587162002921, 0), (-0.014125942252576351, 2.688587663612907e-8, -0.999900221824646, 0), (0.8039518594741821, 1.4689092636108398, 0.01542740873992443, 1) ), ( (-0.9935449361801147, 0.10919966548681259, -0.03072141483426094, 0), (0.10914745926856995, 0.9940195083618164, 0.003374963067471981, 0), (0.030906235799193382, 1.2491691236959923e-8, -0.9995222091674805, 0), (0.8231661915779114, 1.4648770093917847, 0.015155957080423832, 1) ), ( (0.9999997615814209, -4.011676324466862e-8, 4.20185521932126e-8, 0), (4.0116770350095976e-8, 0.9999998807907104, 2.919902930553775e-10, 0), (-4.20185521932126e-8, -2.920091113356449e-10, 0.9999998807907104, 0), (0.8432258367538452, 1.4626725912094116, 0.015776220709085464, 1) ), ( (-0.9959174990653992, 0.0840039923787117, 0.03303541615605354, 0), (0.08395782113075256, 0.9964653253555298, -0.0027849366888403893, 0), (-0.033152587711811066, 1.4608447784780765e-8, -0.9994502663612366, 0), (0.7699938416481018, 1.478513479232788, -0.00529341958463192, 1) ), ( (-0.968817949295044, 0.24162288010120392, 0.05486380308866501, 0), (0.24123646318912506, 0.970370352268219, -0.013661153614521027, 0), (-0.05653906241059303, -2.4361618500279292e-8, -0.9984003901481628, 0), (0.8133656978607178, 1.4748553037643433, -0.006732102949172258, 1) ), ( (-0.9749590158462524, 0.2218841016292572, 0.014914021827280521, 0), (0.22185812890529633, 0.9750730395317078, -0.003393764141947031, 0), (-0.015295280143618584, 1.566302287869803e-8, -0.9998830556869507, 0), (0.8399849534034729, 1.4682163000106812, -0.00823954027146101, 1) ), ( (0.9999997615814209, -6.741605318438815e-8, 1.8508208299294893e-8, 0), (6.741602476267872e-8, 0.9999995231628418, -2.242603436286572e-9, 0), (-1.8508208299294893e-8, 2.2426116519369543e-9, 0.9999998807907104, 0), (0.8632963299751282, 1.4629108905792236, -0.008596139028668404, 1) ), ( (-0.3712395429611206, 0.44277840852737427, 0.8161666393280029, 0), (0.18332670629024506, 0.8966308236122131, -0.4030434489250183, 0), (-0.9102594256401062, -5.982859647701844e-7, -0.4140380322933197, 0), (0.7082440853118896, 1.4414665699005127, -0.041045449674129486, 1) ), ( (-0.7671653032302856, 0.30845338106155396, 0.5624178051948547, 0), (0.24876438081264496, 0.9512392282485962, -0.18237273395061493, 0), (-0.5912476181983948, -5.258559099274862e-7, -0.8064900040626526, 0), (0.7157283425331116, 1.4325402975082397, -0.05749884247779846, 1) ), ( (-0.630996823310852, 0.45077696442604065, 0.6313817501068115, 0), (0.3186507523059845, 0.8926364183425903, -0.3188440501689911, 0), (-0.7073220610618591, 7.011234401943511e-7, -0.7068913578987122, 0), (0.742336630821228, 1.4218419790267944, -0.07700583338737488, 1) ), ( (0.9999997615814209, -5.4114895675638763e-8, -1.1350491035955201e-7, 0), (6.775732686037372e-8, 0.9999996423721313, 6.111801553743135e-8, 0), (1.1641528629979803e-7, -5.820764670261269e-8, 1, 0), (0.7618175148963928, 1.4079248905181885, -0.09649857133626938, 1) )]
                uniform token[] joints = ["Hips", "Hips/LeftUpLeg", "Hips/LeftUpLeg/LeftLeg", "Hips/LeftUpLeg/LeftLeg/LeftFoot", "Hips/LeftUpLeg/LeftLeg/LeftFoot/LeftToeBase", "Hips/LeftUpLeg/LeftLeg/LeftFoot/LeftToeBase/LeftToeEnd", "Hips/RightUpLeg", "Hips/RightUpLeg/RightLeg", "Hips/RightUpLeg/RightLeg/RightFoot", "Hips/RightUpLeg/RightLeg/RightFoot/RightToeBase", "Hips/RightUpLeg/RightLeg/RightFoot/RightToeBase/RightToeEnd", "Hips/Spine", "Hips/Spine/Spine1", "Hips/Spine/Spine1/Spine2", "Hips/Spine/Spine1/Spine2/LeftShoulder", "Hips/Spine/Spine1/Spine2/LeftShoulder/LeftArm", "Hips/Spine/Spine1/Spine2/LeftShoulder/LeftArm/LeftForeArm", "Hips/Spine/Spine1/Spine2/LeftShoulder/LeftArm/LeftForeArm/LeftHand", "Hips/Spine/Spine1/Spine2/LeftShoulder/LeftArm/LeftForeArm/LeftHand/LeftFingerBase", "Hips/Spine/Spine1/Spine2/LeftShoulder/LeftArm/LeftForeArm/LeftHand/LeftFingerBase/LeftHandIndex1", "Hips/Spine/Spine1/Spine2/LeftShoulder/LeftArm/LeftForeArm/LeftHand/LeftFingerBase/LeftHandIndex1/LeftHandIndex2", "Hips/Spine/Spine1/Spine2/LeftShoulder/LeftArm/LeftForeArm/LeftHand/LeftFingerBase/LeftHandIndex1/LeftHandIndex2/LeftHandIndex3", "Hips/Spine/Spine1/Spine2/LeftShoulder/LeftArm/LeftForeArm/LeftHand/LeftFingerBase/LeftHandIndex1/LeftHandIndex2/LeftHandIndex3/LeftHandIndex4", "Hips/Spine/Spine1/Spine2/LeftShoulder/LeftArm/LeftForeArm/LeftHand/LeftFingerBase/LeftHandMiddle1", "Hips/Spine/Spine1/Spine2/LeftShoulder/LeftArm/LeftForeArm/LeftHand/LeftFingerBase/LeftHandMiddle1/LeftHandMiddle2", "Hips/Spine/Spine1/Spine2/LeftShoulder/LeftArm/LeftForeArm/LeftHand/LeftFingerBase/LeftHandMiddle1/LeftHandMiddle2/LeftHandMiddle3", "Hips/Spine/Spine1/Spine2/LeftShoulder/LeftArm/LeftForeArm/LeftHand/LeftFingerBase/LeftHandMiddle1/LeftHandMiddle2/LeftHandMiddle3/LeftHandMiddle4", "Hips/Spine/Spine1/Spine2/LeftShoulder/LeftArm/LeftForeArm/LeftHand/LeftFingerBase/LeftHandPinky1", "Hips/Spine/Spine1/Spine2/LeftShoulder/LeftArm/LeftForeArm/LeftHand/LeftFingerBase/LeftHandPinky1/LeftHandPinky2", "Hips/Spine/Spine1/Spine2/LeftShoulder/LeftArm/LeftForeArm/LeftHand/LeftFingerBase/LeftHandPinky1/LeftHandPinky2/LeftHandPinky3", "Hips/Spine/Spine1/Spine2/LeftShoulder/LeftArm/LeftForeArm/LeftHand/LeftFingerBase/LeftHandPinky1/LeftHandPinky2/LeftHandPinky3/LeftHandPinky4", "Hips/Spine/Spine1/Spine2/LeftShoulder/LeftArm/LeftForeArm/LeftHand/LeftFingerBase/LeftHandRing1", "Hips/Spine/Spine1/Spine2/LeftShoulder/LeftArm/LeftForeArm/LeftHand/LeftFingerBase/LeftHandRing1/LeftHandRing2", "Hips/Spine/Spine1/Spine2/LeftShoulder/LeftArm/LeftForeArm/LeftHand/LeftFingerBase/LeftHandRing1/LeftHandRing2/LeftHandRing3", "Hips/Spine/Spine1/Spine2/LeftShoulder/LeftArm/LeftForeArm/LeftHand/LeftFingerBase/LeftHandRing1/LeftHandRing2/LeftHandRing3/LeftHandRing4", "Hips/Spine/Spine1/Spine2/LeftShoulder/LeftArm/LeftForeArm/LeftHand/LeftFingerBase/LeftHandThumb1", "Hips/Spine/Spine1/Spine2/LeftShoulder/LeftArm/LeftForeArm/LeftHand/LeftFingerBase/LeftHandThumb1/LeftHandThumb2", "Hips/Spine/Spine1/Spine2/LeftShoulder/LeftArm/LeftForeArm/LeftHand/LeftFingerBase/LeftHandThumb1/LeftHandThumb2/LeftHandThumb3", "Hips/Spine/Spine1/Spine2/LeftShoulder/LeftArm/LeftForeArm/LeftHand/LeftFingerBase/LeftHandThumb1/LeftHandThumb2/LeftHandThumb3/LeftHandThumb4", "Hips/Spine/Spine1/Spine2/Neck", "Hips/Spine/Spine1/Spine2/Neck/Head", "Hips/Spine/Spine1/Spine2/Neck/Head/HeadEnd", "Hips/Spine/Spine1/Spine2/Neck/Head/LeftEye", "Hips/Spine/Spine1/Spine2/Neck/Head/RightEye", "Hips/Spine/Spine1/Spine2/RightShoulder", "Hips/Spine/Spine1/Spine2/RightShoulder/RightArm", "Hips/Spine/Spine1/Spine2/RightShoulder/RightArm/RightForeArm", "Hips/Spine/Spine1/Spine2/RightShoulder/RightArm/RightForeArm/RightHand", "Hips/Spine/Spine1/Spine2/RightShoulder/RightArm/RightForeArm/RightHand/RightFingerBase", "Hips/Spine/Spine1/Spine2/RightShoulder/RightArm/RightForeArm/RightHand/RightFingerBase/RightHandIndex1", "Hips/Spine/Spine1/Spine2/RightShoulder/RightArm/RightForeArm/RightHand/RightFingerBase/RightHandIndex1/RightHandIndex2", "Hips/Spine/Spine1/Spine2/RightShoulder/RightArm/RightForeArm/RightHand/RightFingerBase/RightHandIndex1/RightHandIndex2/RightHandIndex3", "Hips/Spine/Spine1/Spine2/RightShoulder/RightArm/RightForeArm/RightHand/RightFingerBase/RightHandIndex1/RightHandIndex2/RightHandIndex3/RightHandIndex4", "Hips/Spine/Spine1/Spine2/RightShoulder/RightArm/RightForeArm/RightHand/RightFingerBase/RightHandMiddle1", "Hips/Spine/Spine1/Spine2/RightShoulder/RightArm/RightForeArm/RightHand/RightFingerBase/RightHandMiddle1/RightHandMiddle2", "Hips/Spine/Spine1/Spine2/RightShoulder/RightArm/RightForeArm/RightHand/RightFingerBase/RightHandMiddle1/RightHandMiddle2/RightHandMiddle3", "Hips/Spine/Spine1/Spine2/RightShoulder/RightArm/RightForeArm/RightHand/RightFingerBase/RightHandMiddle1/RightHandMiddle2/RightHandMiddle3/RightHandMiddle4", "Hips/Spine/Spine1/Spine2/RightShoulder/RightArm/RightForeArm/RightHand/RightFingerBase/RightHandPinky1", "Hips/Spine/Spine1/Spine2/RightShoulder/RightArm/RightForeArm/RightHand/RightFingerBase/RightHandPinky1/RightHandPinky2", "Hips/Spine/Spine1/Spine2/RightShoulder/RightArm/RightForeArm/RightHand/RightFingerBase/RightHandPinky1/RightHandPinky2/RightHandPinky3", "Hips/Spine/Spine1/Spine2/RightShoulder/RightArm/RightForeArm/RightHand/RightFingerBase/RightHandPinky1/RightHandPinky2/RightHandPinky3/RightHandPinky4", "Hips/Spine/Spine1/Spine2/RightShoulder/RightArm/RightForeArm/RightHand/RightFingerBase/RightHandRing1", "Hips/Spine/Spine1/Spine2/RightShoulder/RightArm/RightForeArm/RightHand/RightFingerBase/RightHandRing1/RightHandRing2", "Hips/Spine/Spine1/Spine2/RightShoulder/RightArm/RightForeArm/RightHand/RightFingerBase/RightHandRing1/RightHandRing2/RightHandRing3", "Hips/Spine/Spine1/Spine2/RightShoulder/RightArm/RightForeArm/RightHand/RightFingerBase/RightHandRing1/RightHandRing2/RightHandRing3/RightHandRing4", "Hips/Spine/Spine1/Spine2/RightShoulder/RightArm/RightForeArm/RightHand/RightFingerBase/RightHandThumb1", "Hips/Spine/Spine1/Spine2/RightShoulder/RightArm/RightForeArm/RightHand/RightFingerBase/RightHandThumb1/RightHandThumb2", "Hips/Spine/Spine1/Spine2/RightShoulder/RightArm/RightForeArm/RightHand/RightFingerBase/RightHandThumb1/RightHandThumb2/RightHandThumb3", "Hips/Spine/Spine1/Spine2/RightShoulder/RightArm/RightForeArm/RightHand/RightFingerBase/RightHandThumb1/RightHandThumb2/RightHandThumb3/RightHandThumb4"]
                uniform token purpose = "guide"
