#usda 1.0
(
    endTimeCode = 146.00006103515625
    framesPerSecond = 30
    startTimeCode = 0
    timeCodesPerSecond = 30
    upAxis = "Y"
)

def "Human_0056"
{
    matrix4d xformOp:transform = ( (0.864259660243988, 0, 0.5030459761619568, 0), (0, 1, 0, 0), (-0.5030459761619568, 0, 0.864259660243988, 0), (-19.332727432250977, 0.03333258628845215, 13.15414047241211, 1) )
    matrix4d xformOp:transform.timeSamples = {
        9.000091552734375: ( (0.864259660243988, 0, 0.5030459761619568, 0), (0, 1, 0, 0), (-0.5030459761619568, 0, 0.864259660243988, 0), (-19.332727432250977, 0.03333258628845215, 13.15414047241211, 1) ),
        10.00030517578125: ( (0.864259660243988, 0, 0.5030459761619568, 0), (0, 1, 0, 0), (-0.5030459761619568, 0, 0.864259660243988, 0), (-19.332778930664062, 0.03333258628845215, 13.154266357421875, 1) ),
        11.00006103515625: ( (0.864259660243988, 0, 0.5030459761619568, 0), (0, 1, 0, 0), (-0.5030459761619568, 0, 0.864259660243988, 0), (-19.332929611206055, 0.03333258628845215, 13.154570579528809, 1) ),
        12.000274658203125: ( (0.864259660243988, 0, 0.5030459761619568, 0), (0, 1, 0, 0), (-0.5030459761619568, 0, 0.864259660243988, 0), (-19.333240509033203, 0.03333258628845215, 13.15517807006836, 1) ),
        13.000030517578125: ( (0.864259660243988, 0, 0.5030459761619568, 0), (0, 1, 0, 0), (-0.5030459761619568, 0, 0.864259660243988, 0), (-19.33368682861328, 0.03333258628845215, 13.156022071838379, 1) ),
        14.000244140625: ( (0.864259660243988, 0, 0.5030459761619568, 0), (0, 1, 0, 0), (-0.5030459761619568, 0, 0.864259660243988, 0), (-19.333995819091797, 0.03333258628845215, 13.156455039978027, 1) ),
        15: ( (0.864259660243988, 0, 0.5030459761619568, 0), (0, 1, 0, 0), (-0.5030459761619568, 0, 0.864259660243988, 0), (-19.334075927734375, 0.03333258628845215, 13.156527519226074, 1) ),
        16.000213623046875: ( (0.864259660243988, 0, 0.5030459761619568, 0), (0, 1, 0, 0), (-0.5030459761619568, 0, 0.864259660243988, 0), (-19.334087371826172, 0.03333258628845215, 13.156526565551758, 1) ),
        16.999969482421875: ( (0.864259660243988, 0, 0.5030459761619568, 0), (0, 1, 0, 0), (-0.5030459761619568, 0, 0.864259660243988, 0), (-19.334087371826172, 0.03333258628845215, 13.156519889831543, 1) ),
        20.999908447265625: ( (0.864259660243988, 0, 0.5030459761619568, 0), (0, 1, 0, 0), (-0.5030459761619568, 0, 0.864259660243988, 0), (-19.334087371826172, 0.03333258628845215, 13.156519889831543, 1) ),
        22.0001220703125: ( (0.9565852880477905, 4.656612873077393e-10, 0.2914525270462036, 0), (0.008471513167023659, 0.9995774626731873, -0.027804618701338768, 0), (-0.29132938385009766, 0.029066534712910652, 0.9561811089515686, 0), (-19.334087371826172, 0.03333258628845215, 13.156519889831543, 1) ),
        23.000335693359375: ( (0.9591509103775024, 0, 0.28289490938186646, 0), (0, 1, 0, 0), (-0.28289490938186646, 0, 0.9591509103775024, 0), (-19.334087371826172, 0.03333258628845215, 13.156519889831543, 1) ),
        24.000091552734375: ( (0.9610437154769897, 0, 0.27639633417129517, 0), (0, 1, 0, 0), (-0.27639633417129517, 0, 0.9610437154769897, 0), (-19.333049774169922, 0.03333258628845215, 13.147801399230957, 1) ),
        25.00030517578125: ( (0.9581770300865173, 0, 0.2861761450767517, 0), (0, 1, 0, 0), (-0.2861761450767517, 0, 0.9581770300865173, 0), (-19.31730079650879, 0.03333258628845215, 13.135777473449707, 1) ),
        26.00006103515625: ( (0.956525444984436, 0, 0.2916489243507385, 0), (0, 1, 0, 0), (-0.2916489243507385, 0, 0.956525444984436, 0), (-19.301799774169922, 0.03333258628845215, 13.117260932922363, 1) ),
        27.000274658203125: ( (0.9561988115310669, 0, 0.2927180528640747, 0), (0, 1, 0, 0), (-0.2927180528640747, 0, 0.9561988115310669, 0), (-19.2882022857666, 0.03333258628845215, 13.088226318359375, 1) ),
        28.000030517578125: ( (0.9570105075836182, 0, 0.2900533378124237, 0), (0, 1, 0, 0), (-0.2900533378124237, 0, 0.9570105075836182, 0), (-19.274246215820312, 0.03333258628845215, 13.049534797668457, 1) ),
        29.000244140625: ( (0.9595037698745728, 0, 0.2816959023475647, 0), (0, 1, 0, 0), (-0.2816959023475647, 0, 0.9595037698745728, 0), (-19.265079498291016, 0.03333258628845215, 13.001609802246094, 1) ),
        30: ( (0.9610173106193542, 0, 0.27648821473121643, 0), (0, 1, 0, 0), (-0.27648821473121643, 0, 0.9610173106193542, 0), (-19.256372451782227, 0.03333258628845215, 12.944889068603516, 1) ),
        31.000213623046875: ( (0.9615770578384399, 0, 0.2745351195335388, 0), (0, 1, 0, 0), (-0.2745351195335388, 0, 0.9615770578384399, 0), (-19.246883392333984, 0.03333258628845215, 12.896971702575684, 1) ),
        31.999969482421875: ( (0.9640712141990662, 0, 0.2656439542770386, 0), (0, 1, 0, 0), (-0.2656439542770386, 0, 0.9640712141990662, 0), (-19.240957260131836, 0.03333258628845215, 12.858299255371094, 1) ),
        33.00018310546875: ( (0.9692651033401489, 0, 0.2460186779499054, 0), (0, 1, 0, 0), (-0.2460186779499054, 0, 0.9692651033401489, 0), (-19.240154266357422, 0.03333258628845215, 12.811556816101074, 1) ),
        33.99993896484375: ( (0.9760735034942627, 0, 0.21744079887866974, 0), (0, 1, 0, 0), (-0.21744079887866974, 0, 0.9760735034942627, 0), (-19.237171173095703, 0.03333258628845215, 12.765411376953125, 1) ),
        35.000152587890625: ( (0.9812919497489929, 0, 0.1925254762172699, 0), (0, 1, 0, 0), (-0.1925254762172699, 0, 0.9812919497489929, 0), (-19.233243942260742, 0.03333258628845215, 12.72064208984375, 1) ),
        35.999908447265625: ( (0.9855192303657532, 0, 0.16956377029418945, 0), (0, 1, 0, 0), (-0.16956377029418945, 0, 0.9855192303657532, 0), (-19.2249698638916, 0.03333258628845215, 12.666292190551758, 1) ),
        37.0001220703125: ( (0.9882645010948181, 0, 0.15275244414806366, 0), (0, 1, 0, 0), (-0.15275244414806366, 0, 0.9882645010948181, 0), (-19.217023849487305, 0.03333258628845215, 12.600765228271484, 1) ),
        38.000335693359375: ( (0.990889310836792, 0, 0.1346789449453354, 0), (0, 1, 0, 0), (-0.1346789449453354, 0, 0.990889310836792, 0), (-19.211397171020508, 0.03333258628845215, 12.539729118347168, 1) ),
        39.000091552734375: ( (0.9863336086273193, 0, 0.16476057469844818, 0), (0, 1, 0, 0), (-0.16476057469844818, 0, 0.9863336086273193, 0), (-19.210784912109375, 0.03333258628845215, 12.466304779052734, 1) ),
        40.00030517578125: ( (0.9806296825408936, 0, 0.1958708018064499, 0), (0, 1, 0, 0), (-0.1958708018064499, 0, 0.9806296825408936, 0), (-19.204477310180664, 0.03333258628845215, 12.408126831054688, 1) ),
        41.00006103515625: ( (0.9739956259727478, 0, 0.22656692564487457, 0), (0, 1, 0, 0), (-0.22656692564487457, 0, 0.9739956259727478, 0), (-19.20439338684082, 0.03333258628845215, 12.358129501342773, 1) ),
        42.000274658203125: ( (0.9660871028900146, 0, 0.25821635127067566, 0), (0, 1, 0, 0), (-0.25821635127067566, 0, 0.9660871028900146, 0), (-19.203617095947266, 0.03333258628845215, 12.314002990722656, 1) ),
        43.000030517578125: ( (0.9567651152610779, 0, 0.2908616364002228, 0), (0, 1, 0, 0), (-0.2908616364002228, 0, 0.9567651152610779, 0), (-19.206392288208008, 0.03333258628845215, 12.27672290802002, 1) ),
        44.000244140625: ( (0.9457942843437195, 0, 0.3247663378715515, 0), (0, 1, 0, 0), (-0.3247663378715515, 0, 0.9457942843437195, 0), (-19.21308708190918, 0.03333258628845215, 12.24638557434082, 1) ),
        45: ( (0.9330175518989563, 0, 0.3598308563232422, 0), (0, 1, 0, 0), (-0.3598308563232422, 0, 0.9330175518989563, 0), (-19.22388458251953, 0.03333258628845215, 12.223118782043457, 1) ),
        46.000213623046875: ( (0.9196810722351074, 0, 0.392666220664978, 0), (0, 1, 0, 0), (-0.392666220664978, 0, 0.9196810722351074, 0), (-19.230945587158203, 0.03333258628845215, 12.20517635345459, 1) ),
        46.999969482421875: ( (0.9081267714500427, 0, 0.4186953902244568, 0), (0, 1, 0, 0), (-0.4186953902244568, 0, 0.9081267714500427, 0), (-19.236167907714844, 0.03333258628845215, 12.193578720092773, 1) ),
        48.00018310546875: ( (0.8984969854354858, 0, 0.43897971510887146, 0), (0, 1, 0, 0), (-0.43897971510887146, 0, 0.8984969854354858, 0), (-19.240833282470703, 0.03333258628845215, 12.18590259552002, 1) ),
        48.99993896484375: ( (0.8908371925354004, 0, 0.4543227553367615, 0), (0, 1, 0, 0), (-0.4543227553367615, 0, 0.8908371925354004, 0), (-19.244956970214844, 0.03333258628845215, 12.182048797607422, 1) ),
        50.000152587890625: ( (0.8908371925354004, 0, 0.4543227553367615, 0), (0, 1, 0, 0), (-0.4543227553367615, 0, 0.8908371925354004, 0), (-19.248563766479492, 0.03333258628845215, 12.181927680969238, 1) ),
        50.999908447265625: ( (0.8908371925354004, 0, 0.4543227553367615, 0), (0, 1, 0, 0), (-0.4543227553367615, 0, 0.8908371925354004, 0), (-19.249109268188477, 0.03333258628845215, 12.182039260864258, 1) ),
        88.00003051757812: ( (0.8908371925354004, 0, 0.4543227553367615, 0), (0, 1, 0, 0), (-0.4543227553367615, 0, 0.8908371925354004, 0), (-19.249109268188477, 0.03333258628845215, 12.182039260864258, 1) ),
        89.000244140625: ( (0.9762298464775085, -2.3283064365386963e-10, 0.21673770248889923, 0), (0.00628297682851553, 0.9995797276496887, -0.028299784287810326, 0), (-0.21664662659168243, 0.028988851234316826, 0.9758195877075195, 0), (-19.249109268188477, 0.03333258628845215, 12.182039260864258, 1) ),
        90: ( (0.9786337614059448, 2.8377940622381637e-11, 0.20561130344867706, 0), (-2.7705155877799648e-11, 1, -6.151120411634903e-12, 0), (-0.20561130344867706, 3.2320175182010136e-13, 0.9786337614059448, 0), (-19.249109268188477, 0.03333258628845215, 12.182039260864258, 1) ),
        91.00021362304688: ( (0.981054961681366, -4.097601291681483e-18, 0.19372975826263428, 0), (4.010345317585714e-18, 1, 8.425750641380989e-19, 0), (-0.19372975826263428, -4.968928223333736e-20, 0.981054961681366, 0), (-19.249563217163086, 0.03333258628845215, 12.173162460327148, 1) ),
        91.99996948242188: ( (0.9837150573730469, 6.389020463163775e-25, 0.17973512411117554, 0), (-6.268615637123761e-25, 1, -1.2378689460782663e-25, 0), (-0.17973512411117554, 9.101981895029009e-27, 0.9837150573730469, 0), (-19.250099182128906, 0.03333258628845215, 12.155396461486816, 1) ),
        93.00018310546875: ( (0.9869289398193359, -2.216849808662779e-32, 0.16115599870681763, 0), (2.181136233169684e-32, 1, 3.985163152209627e-33, 0), (-0.16115599870681763, -4.180412396539224e-34, 0.9869289398193359, 0), (-19.251232147216797, 0.03333258628845215, 12.128762245178223, 1) ),
        93.99993896484375: ( (0.9901092648506165, 2.6773068329543522e-40, 0.1402982622385025, 0), (-2.6428909426705347e-40, 1, -4.3159992701204366e-41, 0), (-0.1402982622385025, 5.652838005086312e-42, 0.9901092648506165, 0), (-19.252527236938477, 0.03333258628845215, 12.09634780883789, 1) ),
        95.00015258789062: ( (0.9926692247390747, -2.802596928649634e-45, 0.12086290866136551, 0), (2.802596928649634e-45, 1, 0, 0), (-0.12086290866136551, 0, 0.9926692247390747, 0), (-19.2535400390625, 0.03333258628845215, 12.05644416809082, 1) ),
        95.99990844726562: ( (0.99481201171875, 0, 0.1017303541302681, 0), (0, 1, 0, 0), (-0.1017303541302681, 0, 0.99481201171875, 0), (-19.25528335571289, 0.03333258628845215, 12.00683879852295, 1) ),
        97.0001220703125: ( (0.996697187423706, 0, 0.08120753616094589, 0), (0, 1, 0, 0), (-0.08120753616094589, 0, 0.996697187423706, 0), (-19.259611129760742, 0.03333258628845215, 11.94699478149414, 1) ),
        98.00033569335938: ( (0.9983645081520081, 0, 0.05716902017593384, 0), (0, 1, 0, 0), (-0.05716902017593384, 0, 0.9983645081520081, 0), (-19.2690372467041, 0.03333258628845215, 11.87747859954834, 1) ),
        99.00009155273438: ( (0.9993112087249756, 0, 0.03710860386490822, 0), (0, 1, 0, 0), (-0.03710860386490822, 0, 0.9993112087249756, 0), (-19.2739315032959, 0.03333258628845215, 11.823161125183105, 1) ),
        100.00030517578125: ( (0.9998070597648621, 0, 0.019641540944576263, 0), (0, 1, 0, 0), (-0.019641540944576263, 0, 0.9998070597648621, 0), (-19.274921417236328, 0.03333258628845215, 11.77902889251709, 1) ),
        101.00006103515625: ( (0.999984860420227, 0, 0.0055020591244101524, 0), (0, 1, 0, 0), (-0.0055020591244101524, 0, 0.999984860420227, 0), (-19.27618980407715, 0.03333258628845215, 11.724149703979492, 1) ),
        102.00027465820312: ( (0.9999837875366211, 0, -0.0056950864382088184, 0), (0, 1, 0, 0), (0.0056950864382088184, 0, 0.9999837875366211, 0), (-19.277847290039062, 0.03333258628845215, 11.67756462097168, 1) ),
        103.00003051757812: ( (0.9999071955680847, 0, -0.013625393621623516, 0), (0, 1, 0, 0), (0.013625393621623516, 0, 0.9999071955680847, 0), (-19.27903938293457, 0.03333258628845215, 11.638141632080078, 1) ),
        104.000244140625: ( (0.9999428391456604, 0, -0.010690574534237385, 0), (0, 1, 0, 0), (0.010690574534237385, 0, 0.9999428391456604, 0), (-19.294071197509766, 0.03333258628845215, 11.616762161254883, 1) ),
        105: ( (0.999993085861206, 0, 0.0037115199957042933, 0), (0, 1, 0, 0), (-0.0037115199957042933, 0, 0.999993085861206, 0), (-19.30221939086914, 0.03333258628845215, 11.590645790100098, 1) ),
        106.00021362304688: ( (0.9998731017112732, 0, 0.015932202339172363, 0), (0, 1, 0, 0), (-0.015932202339172363, 0, 0.9998731017112732, 0), (-19.308643341064453, 0.03333258628845215, 11.57114028930664, 1) ),
        106.99996948242188: ( (0.9996634721755981, 0, 0.02594034932553768, 0), (0, 1, 0, 0), (-0.02594034932553768, 0, 0.9996634721755981, 0), (-19.3138370513916, 0.03333258628845215, 11.54266357421875, 1) ),
        108.00018310546875: ( (0.9994184374809265, 0, 0.03409992903470993, 0), (0, 1, 0, 0), (-0.03409992903470993, 0, 0.9994184374809265, 0), (-19.318452835083008, 0.03333258628845215, 11.519760131835938, 1) ),
        108.99993896484375: ( (0.9991716146469116, 0, 0.04069548472762108, 0), (0, 1, 0, 0), (-0.04069548472762108, 0, 0.9991716146469116, 0), (-19.32231903076172, 0.03333258628845215, 11.50233268737793, 1) ),
        110.00015258789062: ( (0.9989438056945801, 0, 0.04594862461090088, 0), (0, 1, 0, 0), (-0.04594862461090088, 0, 0.9989438056945801, 0), (-19.325538635253906, 0.03333258628845215, 11.490314483642578, 1) ),
        110.99990844726562: ( (0.998747706413269, 0, 0.050030417740345, 0), (0, 1, 0, 0), (-0.050030417740345, 0, 0.998747706413269, 0), (-19.32823371887207, 0.03333258628845215, 11.48364543914795, 1) ),
        112.0001220703125: ( (0.998747706413269, 0, 0.050030417740345, 0), (0, 1, 0, 0), (-0.050030417740345, 0, 0.998747706413269, 0), (-19.330516815185547, 0.03333258628845215, 11.482267379760742, 1) ),
        113.00033569335938: ( (0.998747706413269, 0, 0.050030417740345, 0), (0, 1, 0, 0), (-0.050030417740345, 0, 0.998747706413269, 0), (-19.337162017822266, 0.03333258628845215, 11.477349281311035, 1) ),
        114.00009155273438: ( (0.998747706413269, 0, 0.050030417740345, 0), (0, 1, 0, 0), (-0.050030417740345, 0, 0.998747706413269, 0), (-19.347702026367188, 0.03333258628845215, 11.465937614440918, 1) ),
        115.00030517578125: ( (0.998747706413269, 0, 0.050030417740345, 0), (0, 1, 0, 0), (-0.050030417740345, 0, 0.998747706413269, 0), (-19.35719108581543, 0.03333258628845215, 11.454285621643066, 1) ),
        116.00006103515625: ( (0.998747706413269, 0, 0.050030417740345, 0), (0, 1, 0, 0), (-0.050030417740345, 0, 0.998747706413269, 0), (-19.368127822875977, 0.03333258628845215, 11.440669059753418, 1) ),
        117.00027465820312: ( (0.998747706413269, 0, 0.050030417740345, 0), (0, 1, 0, 0), (-0.050030417740345, 0, 0.998747706413269, 0), (-19.377826690673828, 0.03333258628845215, 11.428383827209473, 1) ),
        118.00003051757812: ( (0.998747706413269, 0, 0.050030417740345, 0), (0, 1, 0, 0), (-0.050030417740345, 0, 0.998747706413269, 0), (-19.38783836364746, 0.03333258628845215, 11.4153470993042, 1) ),
        119.000244140625: ( (0.998747706413269, 0, 0.050030417740345, 0), (0, 1, 0, 0), (-0.050030417740345, 0, 0.998747706413269, 0), (-19.398731231689453, 0.03333258628845215, 11.401501655578613, 1) ),
        120: ( (0.998747706413269, 0, 0.050030417740345, 0), (0, 1, 0, 0), (-0.050030417740345, 0, 0.998747706413269, 0), (-19.409088134765625, 0.03333258628845215, 11.388413429260254, 1) ),
        121.00021362304688: ( (0.998747706413269, 0, 0.050030417740345, 0), (0, 1, 0, 0), (-0.050030417740345, 0, 0.998747706413269, 0), (-19.420930862426758, 0.03333258628845215, 11.374175071716309, 1) ),
        121.99996948242188: ( (0.998747706413269, 0, 0.050030417740345, 0), (0, 1, 0, 0), (-0.050030417740345, 0, 0.998747706413269, 0), (-19.43082618713379, 0.03333258628845215, 11.362547874450684, 1) ),
        123.00018310546875: ( (0.998747706413269, 0, 0.050030417740345, 0), (0, 1, 0, 0), (-0.050030417740345, 0, 0.998747706413269, 0), (-19.44217872619629, 0.03333258628845215, 11.349863052368164, 1) ),
        123.99993896484375: ( (0.998747706413269, 0, 0.050030417740345, 0), (0, 1, 0, 0), (-0.050030417740345, 0, 0.998747706413269, 0), (-19.45140838623047, 0.03333258628845215, 11.339715003967285, 1) ),
        125.00015258789062: ( (0.998747706413269, 0, 0.050030417740345, 0), (0, 1, 0, 0), (-0.050030417740345, 0, 0.998747706413269, 0), (-19.46156883239746, 0.03333258628845215, 11.328790664672852, 1) ),
        125.99990844726562: ( (0.998747706413269, 0, 0.050030417740345, 0), (0, 1, 0, 0), (-0.050030417740345, 0, 0.998747706413269, 0), (-19.469228744506836, 0.03333258628845215, 11.320414543151855, 1) ),
        127.0001220703125: ( (0.998747706413269, 0, 0.050030417740345, 0), (0, 1, 0, 0), (-0.050030417740345, 0, 0.998747706413269, 0), (-19.477985382080078, 0.03333258628845215, 11.310945510864258, 1) ),
        128.00033569335938: ( (0.998747706413269, 0, 0.050030417740345, 0), (0, 1, 0, 0), (-0.050030417740345, 0, 0.998747706413269, 0), (-19.48441505432129, 0.03333258628845215, 11.303816795349121, 1) ),
        129.00009155273438: ( (0.998747706413269, 0, 0.050030417740345, 0), (0, 1, 0, 0), (-0.050030417740345, 0, 0.998747706413269, 0), (-19.488996505737305, 0.03333258628845215, 11.298681259155273, 1) ),
        130.00030517578125: ( (0.998747706413269, 0, 0.050030417740345, 0), (0, 1, 0, 0), (-0.050030417740345, 0, 0.998747706413269, 0), (-19.492103576660156, 0.03333258628845215, 11.295202255249023, 1) ),
        131.00006103515625: ( (0.998747706413269, 0, 0.050030417740345, 0), (0, 1, 0, 0), (-0.050030417740345, 0, 0.998747706413269, 0), (-19.49390983581543, 0.03333258628845215, 11.293177604675293, 1) ),
        132.00027465820312: ( (0.998747706413269, 0, 0.050030417740345, 0), (0, 1, 0, 0), (-0.050030417740345, 0, 0.998747706413269, 0), (-19.494550704956055, 0.03333258628845215, 11.29241943359375, 1) ),
        133.00003051757812: ( (0.998747706413269, 0, 0.050030417740345, 0), (0, 1, 0, 0), (-0.050030417740345, 0, 0.998747706413269, 0), (-19.494386672973633, 0.03333258628845215, 11.292498588562012, 1) ),
        134.000244140625: ( (0.998747706413269, 0, 0.050030417740345, 0), (0, 1, 0, 0), (-0.050030417740345, 0, 0.998747706413269, 0), (-19.494380950927734, 0.03333258628845215, 11.292501449584961, 1) ),
        140.99990844726562: ( (0.998747706413269, 0, 0.050030417740345, 0), (0, 1, 0, 0), (-0.050030417740345, 0, 0.998747706413269, 0), (-19.494380950927734, 0.03333258628845215, 11.292501449584961, 1) ),
        142.0001220703125: ( (0.4177800416946411, 0, -0.9085481762886047, 0), (-0.05432052165269852, 0.9982110857963562, -0.02497834526002407, 0), (0.9069228768348694, 0.05978826433420181, 0.4170326590538025, 0), (-19.494380950927734, 0.03333258628845215, 11.292501449584961, 1) ),
        143.00033569335938: ( (0.4175172448158264, 1.5682650733594983e-9, -0.908669114112854, 0), (-6.551903464213638e-10, 1, 1.4248442425923713e-9, 0), (0.908669114112854, 4.5391468361799525e-13, 0.4175172448158264, 0), (-19.494380950927734, 0.03333258628845215, 11.292501449584961, 1) ),
        144.00009155273438: ( (0.39725029468536377, -2.9351097167658357e-16, -0.9177104234695435, 0), (1.2257607009108073e-16, 1, -2.667700091828673e-16, 0), (0.9177104234695435, -6.514848034688044e-18, 0.39725029468536377, 0), (-19.50248146057129, 0.03333258628845215, 11.288843154907227, 1) ),
        145.00030517578125: ( (0.3661462664604187, 3.6634971806615184e-23, -0.9305574297904968, 0), (-1.4561501407940514e-23, 1, 3.363933878335443e-23, 0), (0.9305574297904968, 1.2333919139221042e-24, 0.3661462664604187, 0), (-19.518054962158203, 0.03333258628845215, 11.289421081542969, 1) ),
        146.00006103515625: ( (0.34437286853790283, -8.766252318601843e-30, -0.9388329982757568, 0), (3.2106027058811284e-30, 1, -8.159713784538003e-30, 0), (0.9388329982757568, -2.042350904892675e-31, 0.34437286853790283, 0), (-19.540849685668945, 0.03333258628845215, 11.294336318969727, 1) ),
    }
    uniform token[] xformOpOrder = ["xformOp:transform"]

    def Scope "Materials"
    {
        def Material "Businesswoman008_color_32036"
        {
            token outputs:displacement
            token outputs:surface.connect = </Human_0056/Materials/Businesswoman008_color_32036/PreviewSurface.outputs:surface>
            token[] requiredKeywords

            def "PreviewSurface"
            {
                token info:id = "UsdPreviewSurface"
                float inputs:clearcoat = 0
                float inputs:clearcoatRoughness = 0.01
                float3 inputs:diffuseColor = (0.18, 0.18, 0.18)
                float3 inputs:diffuseColor.connect = </Human_0056/Materials/Businesswoman008_color_32036/PreviewSurface/_MainTex.outputs:rgb>
                float inputs:displacement = 0
                float3 inputs:emissiveColor = (0, 0, 0)
                float inputs:ior = 1.5
                float inputs:metallic = 0
                float3 inputs:normal = (0, 0, 1)
                float3 inputs:normal.connect = </Human_0056/Materials/Businesswoman008_color_32036/PreviewSurface/_BumpMap.outputs:rgb>
                float inputs:occlusion = 1
                float inputs:opacity = 1
                float inputs:opacityThreshold = 0
                float inputs:roughness = 0.9
                float3 inputs:specularColor = (0, 0, 0)
                int inputs:useSpecularWorkflow = 0
                token outputs:displacement
                token outputs:surface
                color4f unity:colors:_Color = (1, 1, 1, 1) (
                    customData = {
                        string sourceMember = "colorArgs"
                    }
                )
                color4f unity:colors:_EmissionColor = (0, 0, 0, 1) (
                    customData = {
                        string sourceMember = "colorArgs"
                    }
                )
                float unity:floats:_BumpScale = 1 (
                    customData = {
                        string sourceMember = "floatArgs"
                    }
                )
                float unity:floats:_Cutoff = 0.5 (
                    customData = {
                        string sourceMember = "floatArgs"
                    }
                )
                float unity:floats:_DetailNormalMapScale = 1 (
                    customData = {
                        string sourceMember = "floatArgs"
                    }
                )
                float unity:floats:_DstBlend = 0 (
                    customData = {
                        string sourceMember = "floatArgs"
                    }
                )
                float unity:floats:_Glossiness = 0.1 (
                    customData = {
                        string sourceMember = "floatArgs"
                    }
                )
                float unity:floats:_GlossMapScale = 1 (
                    customData = {
                        string sourceMember = "floatArgs"
                    }
                )
                float unity:floats:_GlossyReflections = 1 (
                    customData = {
                        string sourceMember = "floatArgs"
                    }
                )
                float unity:floats:_Metallic = 0 (
                    customData = {
                        string sourceMember = "floatArgs"
                    }
                )
                float unity:floats:_Mode = 0 (
                    customData = {
                        string sourceMember = "floatArgs"
                    }
                )
                float unity:floats:_OcclusionStrength = 1 (
                    customData = {
                        string sourceMember = "floatArgs"
                    }
                )
                float unity:floats:_Parallax = 0.02 (
                    customData = {
                        string sourceMember = "floatArgs"
                    }
                )
                float unity:floats:_SmoothnessTextureChannel = 0 (
                    customData = {
                        string sourceMember = "floatArgs"
                    }
                )
                float unity:floats:_SpecularHighlights = 1 (
                    customData = {
                        string sourceMember = "floatArgs"
                    }
                )
                float unity:floats:_SrcBlend = 1 (
                    customData = {
                        string sourceMember = "floatArgs"
                    }
                )
                float unity:floats:_UVSec = 0 (
                    customData = {
                        string sourceMember = "floatArgs"
                    }
                )
                float unity:floats:_ZWrite = 1 (
                    customData = {
                        string sourceMember = "floatArgs"
                    }
                )
                token[] unity:shaderKeywords = ["_EMISSION", "_NORMALMAP"]
                string unity:shaderName = "Standard"

                def Shader "uvReader"
                {
                    uniform token info:id = "UsdPrimvarReader_float2"
                    float2 inputs:fallback = (0, 0)
                    token inputs:varname = "st"
                    float2 outputs:result
                }

                def Shader "_MainTex"
                {
                    uniform token info:id = "UsdUVTexture"
                    float4 inputs:bias = (0, 0, 0, 0)
                    float4 inputs:fallback = (0, 0, 0, 1)
                    asset inputs:file = @Businesswoman008_color.png@
                    token inputs:isSRGB = "auto"
                    float4 inputs:scale = (1, 1, 1, 1)
                    float2 inputs:st = (0, 0)
                    float2 inputs:st.connect = </Human_0056/Materials/Businesswoman008_color_32036/PreviewSurface/uvReader.outputs:result>
                    token inputs:wrapS = "repeat"
                    token inputs:wrapT = "repeat"
                    float outputs:a
                    float outputs:b
                    float outputs:g
                    float outputs:r
                    float3 outputs:rgb
                    float4 outputs:rgba
                }

                def Shader "_BumpMap"
                {
                    uniform token info:id = "UsdUVTexture"
                    float4 inputs:bias = (0, 0, 0, 0)
                    float4 inputs:fallback = (0, 0, 0, 1)
                    asset inputs:file = @Businesswoman008_41d198030910432c818698c5d16680cc.png@
                    token inputs:isSRGB = "auto"
                    float4 inputs:scale = (1, 1, 1, 1)
                    float2 inputs:st = (0, 0)
                    float2 inputs:st.connect = </Human_0056/Materials/Businesswoman008_color_32036/PreviewSurface/uvReader.outputs:result>
                    token inputs:wrapS = "repeat"
                    token inputs:wrapT = "repeat"
                    float outputs:a
                    float outputs:b
                    float outputs:g
                    float outputs:r
                    float3 outputs:rgb
                    float4 outputs:rgba
                }
            }
        }

        def Material "Businesswoman008_wig_color_31902"
        {
            token outputs:displacement
            token outputs:surface.connect = </Human_0056/Materials/Businesswoman008_wig_color_31902/PreviewSurface.outputs:surface>
            token[] requiredKeywords

            def Shader "PreviewSurface"
            {
                uniform token info:id = "UsdPreviewSurface"
                float inputs:clearcoat = 0
                float inputs:clearcoatRoughness = 0.01
                float3 inputs:diffuseColor = (1, 1, 1)
                float inputs:displacement = 0
                float3 inputs:emissiveColor = (0, 0, 0)
                float inputs:ior = 1.5
                float inputs:metallic = 0.5
                float3 inputs:normal = (0, 0, 1)
                float inputs:occlusion = 1
                float inputs:opacity = 1
                float inputs:opacityThreshold = 0
                float inputs:roughness = 0.5
                float3 inputs:specularColor = (0.4, 0.4, 0.4)
                int inputs:useSpecularWorkflow = 0
                token outputs:displacement
                token outputs:surface
                color4f unity:colors:_Diffusecolor = (1, 1, 1, 1) (
                    customData = {
                        string sourceMember = "colorArgs"
                    }
                )
                color4f unity:colors:_Speccolor = (1, 1, 1, 1) (
                    customData = {
                        string sourceMember = "colorArgs"
                    }
                )
                float unity:floats:_SpecIntensity = 0.1 (
                    customData = {
                        string sourceMember = "floatArgs"
                    }
                )
                token[] unity:shaderKeywords = ["_EMISSION", "_NORMALMAP"]
                string unity:shaderName = "Custom/HairShader"
            }
        }

        def Material "Default_Material_740"
        {
            token outputs:displacement
            token outputs:surface.connect = </Human_0056/Materials/Default_Material_740/PreviewSurface.outputs:surface>
            token[] requiredKeywords

            def Shader "PreviewSurface"
            {
                uniform token info:id = "UsdPreviewSurface"
                float inputs:clearcoat = 0
                float inputs:clearcoatRoughness = 0.01
                float3 inputs:diffuseColor = (1, 1, 1)
                float inputs:displacement = 0
                float3 inputs:emissiveColor = (0, 0, 0)
                float inputs:ior = 1.5
                float inputs:metallic = 0
                float3 inputs:normal = (0, 0, 1)
                float inputs:occlusion = 1
                float inputs:opacity = 1
                float inputs:opacityThreshold = 0
                float inputs:roughness = 0.5
                float3 inputs:specularColor = (0, 0, 0)
                int inputs:useSpecularWorkflow = 0
                token outputs:displacement
                token outputs:surface
                color4f unity:colors:_Color = (1, 1, 1, 1) (
                    customData = {
                        string sourceMember = "colorArgs"
                    }
                )
                color4f unity:colors:_EmissionColor = (0, 0, 0, 0.99999994) (
                    customData = {
                        string sourceMember = "colorArgs"
                    }
                )
                float unity:floats:_BumpScale = 1 (
                    customData = {
                        string sourceMember = "floatArgs"
                    }
                )
                float unity:floats:_Cutoff = 0.5 (
                    customData = {
                        string sourceMember = "floatArgs"
                    }
                )
                float unity:floats:_DetailNormalMapScale = 1 (
                    customData = {
                        string sourceMember = "floatArgs"
                    }
                )
                float unity:floats:_DstBlend = 0 (
                    customData = {
                        string sourceMember = "floatArgs"
                    }
                )
                float unity:floats:_Glossiness = 0.5 (
                    customData = {
                        string sourceMember = "floatArgs"
                    }
                )
                float unity:floats:_GlossMapScale = 1 (
                    customData = {
                        string sourceMember = "floatArgs"
                    }
                )
                float unity:floats:_GlossyReflections = 1 (
                    customData = {
                        string sourceMember = "floatArgs"
                    }
                )
                float unity:floats:_Metallic = 0 (
                    customData = {
                        string sourceMember = "floatArgs"
                    }
                )
                float unity:floats:_Mode = 0 (
                    customData = {
                        string sourceMember = "floatArgs"
                    }
                )
                float unity:floats:_OcclusionStrength = 1 (
                    customData = {
                        string sourceMember = "floatArgs"
                    }
                )
                float unity:floats:_Parallax = 0.02 (
                    customData = {
                        string sourceMember = "floatArgs"
                    }
                )
                float unity:floats:_SmoothnessTextureChannel = 0 (
                    customData = {
                        string sourceMember = "floatArgs"
                    }
                )
                float unity:floats:_SpecularHighlights = 1 (
                    customData = {
                        string sourceMember = "floatArgs"
                    }
                )
                float unity:floats:_SrcBlend = 1 (
                    customData = {
                        string sourceMember = "floatArgs"
                    }
                )
                float unity:floats:_UVSec = 0 (
                    customData = {
                        string sourceMember = "floatArgs"
                    }
                )
                float unity:floats:_ZWrite = 1 (
                    customData = {
                        string sourceMember = "floatArgs"
                    }
                )
                token[] unity:shaderKeywords = []
                string unity:shaderName = "Standard"
            }
        }
    }

    def "Businesswoman008_Clone_"
    {
        float3[] extent = [(-0.86931777, -0.24536783, -0.8491328), (0.76211786, 1.8954821, 0.90338874)]
        float3[] extent.timeSamples = {
            0: [(-0.86931777, -0.24536783, -0.8491328), (0.76211786, 1.8954821, 0.90338874)],
            1.000213623046875: [(-0.8681178, -0.24386668, -0.8473194), (0.76105237, 1.8940024, 0.90212077)],
            1.999969482421875: [(-0.86686623, -0.2421996, -0.8451047), (0.7600546, 1.8924139, 0.9006895)],
            3.00018310546875: [(-0.8656614, -0.24043351, -0.8426156), (0.75915873, 1.890775, 0.89908254)],
            3.99993896484375: [(-0.86458915, -0.23869693, -0.8400573), (0.7584086, 1.889182, 0.8973884)],
            5.000152587890625: [(-0.8636365, -0.23707259, -0.8375997), (0.75784063, 1.8876742, 0.8956844)],
            5.999908447265625: [(-0.86270386, -0.23551846, -0.83527714), (0.75738305, 1.8861771, 0.8939789)],
            7.0001220703125: [(-0.86171144, -0.23388135, -0.8329256), (0.7568678, 1.8845581, 0.8922109)],
            8.000335693359375: [(-0.8604485, -0.23207456, -0.830604), (0.75606084, 1.8827195, 0.89048713)],
            9.000091552734375: [(-0.858932, -0.23010904, -0.82830197), (0.75498974, 1.8806691, 0.88882226)],
            10.00030517578125: [(-0.85743845, -0.22802901, -0.8258281), (0.7539413, 1.8784606, 0.8870393)],
            11.00006103515625: [(-0.85628784, -0.22591758, -0.8230178), (0.75324357, 1.8761921, 0.8849817)],
            12.000274658203125: [(-0.85552084, -0.22378916, -0.8198951), (0.7528882, 1.8738978, 0.882626)],
            13.000030517578125: [(-0.85486346, -0.22164118, -0.8167188), (0.7525349, 1.8715876, 0.88019097)],
            14.000244140625: [(-0.8540031, -0.2194469, -0.81373525), (0.7517866, 1.8692431, 0.877923)],
            15: [(-0.8527541, -0.21718109, -0.81105274), (0.75044227, 1.8668433, 0.87598425)],
            16.000213623046875: [(-0.8511004, -0.21484482, -0.80871075), (0.7484713, 1.8643614, 0.87439543)],
            16.999969482421875: [(-0.8490861, -0.21243018, -0.80668086), (0.74593526, 1.8617496, 0.87310356)],
            18.00018310546875: [(-0.8466659, -0.2099806, -0.8051085), (0.7428966, 1.8590049, 0.87216157)],
            18.99993896484375: [(-0.8441242, -0.20759547, -0.8038872), (0.73966265, 1.8562368, 0.8714449)],
            20.000152587890625: [(-0.84190273, -0.20542789, -0.80283636), (0.73669434, 1.8536501, 0.8707202)],
            20.999908447265625: [(-0.8403919, -0.20372522, -0.80197984), (0.7343608, 1.8515617, 0.8699321)],
            22.0001220703125: [(-0.91884005, -0.17291254, -0.2850762), (0.89786994, 1.8025475, 0.28082418)],
            23.000335693359375: [(-0.92700547, -0.18260062, -0.30497575), (0.90316945, 1.8004022, 0.29508144)],
            24.000091552734375: [(-0.94089246, -0.19855815, -0.32064608), (0.9138522, 1.7985089, 0.3076016)],
            25.00030517578125: [(-0.9305274, -0.20879632, -0.32284567), (0.90709716, 1.7842765, 0.30149058)],
            26.00006103515625: [(-0.89755195, -0.21438134, -0.3284415), (0.8827513, 1.7562821, 0.2971915)],
            27.000274658203125: [(-0.910671, -0.22280622, -0.32830155), (0.90313673, 1.7733254, 0.28569132)],
            28.000030517578125: [(-0.9353046, -0.23298895, -0.31588024), (0.9345408, 1.7943515, 0.28854483)],
            29.000244140625: [(-0.9586767, -0.24141407, -0.31028113), (0.9655303, 1.8197088, 0.38207808)],
            30: [(-0.9765608, -0.23425639, -0.31711763), (0.99030656, 1.8490585, 0.36379677)],
            31.000213623046875: [(-0.97653604, -0.22071207, -0.31914133), (0.9940212, 1.8658651, 0.29697448)],
            31.999969482421875: [(-0.96547735, -0.20551223, -0.3735577), (0.9857224, 1.8701842, 0.28342044)],
            33.00018310546875: [(-0.95456314, -0.19740605, -0.559912), (0.9783374, 1.8694353, 0.25784165)],
            33.99993896484375: [(-0.9466993, -0.19690943, -0.7289617), (0.9731583, 1.863452, 0.23307946)],
            35.000152587890625: [(-0.94235027, -0.19310552, -0.873879), (0.9692739, 1.850611, 0.23644978)],
            35.999908447265625: [(-0.9424945, -0.19793713, -0.98065495), (0.96976745, 1.8375274, 0.2349608)],
            37.0001220703125: [(-0.9442372, -0.21028304, -1.0511332), (0.971193, 1.8266466, 0.22585478)],
            38.000335693359375: [(-0.94012827, -0.2155211, -1.0745624), (0.96422666, 1.8148105, 0.21321106)],
            39.000091552734375: [(-0.92248863, -0.20286494, -1.0660062), (0.9406094, 1.7926049, 0.20673388)],
            40.00030517578125: [(-0.8980268, -0.178253, -1.0313107), (0.908713, 1.7694724, 0.20601407)],
            41.00006103515625: [(-0.87589335, -0.1556896, -0.9664582), (0.88006437, 1.7500805, 0.208022)],
            42.000274658203125: [(-0.8829346, -0.15355593, -0.8525444), (0.8814943, 1.7592518, 0.21515813)],
            43.000030517578125: [(-0.89238316, -0.14737654, -0.70058113), (0.88782495, 1.7782462, 0.21953052)],
            44.000244140625: [(-0.9640485, -0.2511204, -0.7434355), (0.86914957, 1.9020357, 0.8145336)],
            45: [(-0.96373826, -0.25110674, -0.7437922), (0.8689769, 1.901994, 0.81491387)],
            46.000213623046875: [(-0.96314967, -0.2508359, -0.74420696), (0.86831343, 1.9016438, 0.8152515)],
            46.999969482421875: [(-0.9624315, -0.2504446, -0.74467146), (0.86742073, 1.9011514, 0.81556237)],
            48.00018310546875: [(-0.96166974, -0.24996203, -0.7450811), (0.8664128, 1.9005599, 0.81576437)],
